
ZAI = [
922320
922350
922360
922380
942360
942380
942390
942400
942410
942420
581370
962440
541350
621490
641550
641570
666
0
];

NAMES = [
'U232            '
'U235            '
'U236            '
'U238            '
'Pu236           '
'Pu238           '
'Pu239           '
'Pu240           '
'Pu241           '
'Pu242           '
'Ce137           '
'Cm244           '
'Xe135           '
'Sm149           '
'Gd155           '
'Gd157           '
'lost            '
'total           '
];

i922320 = 1; iU232             = 1;
i922350 = 2; iU235             = 2;
i922360 = 3; iU236             = 3;
i922380 = 4; iU238             = 4;
i942360 = 5; iPu236            = 5;
i942380 = 6; iPu238            = 6;
i942390 = 7; iPu239            = 7;
i942400 = 8; iPu240            = 8;
i942410 = 9; iPu241            = 9;
i942420 = 10; iPu242            = 10;
i581370 = 11; iCe137            = 11;
i962440 = 12; iCm244            = 12;
i541350 = 13; iXe135            = 13;
i621490 = 14; iSm149            = 14;
i641550 = 15; iGd155            = 15;
i641570 = 16; iGd157            = 16;
iLOST    = 17;
iTOT     = 18;

MAT_U3.7_VOLUME = [ 1.40425E+02 1.40425E+02 1.40425E+02 ];

MAT_U3.7_BURNUP = [ 0.00000E+00 2.02454E+01 4.00645E+01 ];

MAT_U3.7_ADENS = [
0.00000E+00 7.82427E-15 8.66172E-15 % U232
8.62640E-04 3.62890E-04 6.52531E-05 % U235
0.00000E+00 8.16945E-05 1.18964E-04 % U236
2.21690E-02 2.19082E-02 2.15050E-02 % U238
0.00000E+00 1.28681E-16 3.14163E-15 % Pu236
0.00000E+00 1.90483E-09 1.50373E-08 % Pu238
0.00000E+00 1.84325E-05 2.57573E-05 % Pu239
0.00000E+00 1.40938E-05 5.20050E-05 % Pu240
0.00000E+00 7.77928E-06 2.54327E-05 % Pu241
0.00000E+00 1.42398E-06 1.73661E-05 % Pu242
0.00000E+00 5.55950E-17 1.27346E-16 % Ce137
0.00000E+00 4.33365E-09 4.74798E-07 % Cm244
0.00000E+00 6.64023E-09 2.93954E-09 % Xe135
0.00000E+00 7.01038E-09 2.27862E-09 % Sm149
0.00000E+00 3.91067E-13 4.54231E-13 % Gd155
0.00000E+00 5.66080E-10 1.23643E-09 % Gd157
0.00000E+00 2.87309E-11 6.55563E-11 % lost data
6.90946E-02 6.95534E-02 6.99668E-02 % total
];

MAT_U3.7_MDENS = [
0.00000E+00 3.01479E-12 3.33747E-12 % U232
3.36694E-01 1.41638E-01 2.54687E-02 % U235
0.00000E+00 3.20217E-02 4.66303E-02 % U236
8.76338E+00 8.66030E+00 8.50089E+00 % U238
0.00000E+00 5.04389E-14 1.23143E-12 % Pu236
0.00000E+00 7.52974E-07 5.94419E-06 % Pu238
0.00000E+00 7.31702E-03 1.02247E-02 % Pu239
0.00000E+00 5.61815E-03 2.07305E-02 % Pu240
0.00000E+00 3.11387E-03 1.01801E-02 % Pu241
0.00000E+00 5.72373E-04 6.98038E-03 % Pu242
0.00000E+00 1.26392E-14 2.89514E-14 % Ce137
0.00000E+00 1.75635E-06 1.92427E-04 % Cm244
0.00000E+00 1.48756E-06 6.58521E-07 % Xe135
0.00000E+00 1.73358E-06 5.63473E-07 % Sm149
0.00000E+00 1.00606E-10 1.16855E-10 % Gd155
0.00000E+00 1.47511E-07 3.22192E-07 % Gd157
0.00000E+00 0.00000E+00 0.00000E+00 % lost data
1.03235E+01 1.03229E+01 1.03230E+01 % total
];

MAT_U3.7_A = [
0.00000E+00 3.50261E+02 3.87751E+02 % U232
3.77942E+06 1.58990E+06 2.85889E+05 % U235
0.00000E+00 1.07590E+07 1.56674E+07 % U236
1.53039E+07 1.51238E+07 1.48455E+07 % U238
0.00000E+00 1.38873E+02 3.39048E+03 % Pu236
0.00000E+00 6.69923E+07 5.28856E+08 % Pu238
0.00000E+00 2.35806E+09 3.29512E+09 % Pu239
0.00000E+00 6.62561E+09 2.44480E+10 % Pu240
0.00000E+00 1.67909E+12 5.48942E+12 % Pu241
0.00000E+00 1.17123E+07 1.42838E+08 % Pu242
0.00000E+00 1.67017E+05 3.82571E+05 % Ce137
0.00000E+00 7.38487E+08 8.09092E+10 % Cm244
0.00000E+00 1.96429E+13 8.69565E+12 % Xe135
0.00000E+00 0.00000E+00 0.00000E+00 % Sm149
0.00000E+00 0.00000E+00 0.00000E+00 % Gd155
0.00000E+00 0.00000E+00 0.00000E+00 % Gd157
0.00000E+00 0.00000E+00 0.00000E+00 % lost data
1.90833E+07 2.25108E+18 2.55114E+18 % total
];

MAT_U3.7_H = [
0.00000E+00 3.03552E-10 3.36042E-10 % U232
2.79309E-06 1.17498E-06 2.11279E-07 % U235
0.00000E+00 7.87044E-06 1.14610E-05 % U236
1.04828E-05 1.03594E-05 1.01688E-05 % U238
0.00000E+00 1.30448E-10 3.18478E-09 % Pu236
0.00000E+00 5.99840E-05 4.73530E-04 % Pu238
0.00000E+00 1.98017E-03 2.76706E-03 % Pu239
0.00000E+00 5.57420E-03 2.05684E-02 % Pu240
0.00000E+00 1.44063E-03 4.70983E-03 % Pu241
0.00000E+00 9.34890E-06 1.14015E-04 % Pu242
0.00000E+00 1.34240E-09 3.07490E-09 % Ce137
0.00000E+00 6.97954E-04 7.64684E-02 % Cm244
0.00000E+00 1.77084E+00 7.83927E-01 % Xe135
0.00000E+00 0.00000E+00 0.00000E+00 % Sm149
0.00000E+00 0.00000E+00 0.00000E+00 % Gd155
0.00000E+00 0.00000E+00 0.00000E+00 % Gd157
0.00000E+00 0.00000E+00 0.00000E+00 % lost data
1.32758E-05 7.72344E+05 7.64553E+05 % total
];

MAT_U3.7_SF = [
0.00000E+00 3.15235E-10 3.48976E-10 % U232
2.72118E-04 1.14473E-04 2.05840E-05 % U235
0.00000E+00 9.68314E-03 1.41007E-02 % U236
8.35591E+02 8.25762E+02 8.10563E+02 % U238
0.00000E+00 1.13876E-07 2.78019E-06 % Pu236
0.00000E+00 1.24606E-01 9.83672E-01 % Pu238
0.00000E+00 7.31000E-03 1.02149E-02 % Pu239
0.00000E+00 3.77660E+02 1.39354E+03 % Pu240
0.00000E+00 0.00000E+00 0.00000E+00 % Pu241
0.00000E+00 6.44177E+01 7.85607E+02 % Pu242
0.00000E+00 0.00000E+00 0.00000E+00 % Ce137
0.00000E+00 1.01911E+03 1.11655E+05 % Cm244
0.00000E+00 0.00000E+00 0.00000E+00 % Xe135
0.00000E+00 0.00000E+00 0.00000E+00 % Sm149
0.00000E+00 0.00000E+00 0.00000E+00 % Gd155
0.00000E+00 0.00000E+00 0.00000E+00 % Gd157
0.00000E+00 0.00000E+00 0.00000E+00 % lost data
8.35592E+02 2.29393E+03 1.15473E+05 % total
];

MAT_U3.7_GSRC = [
0.00000E+00 3.86365E+01 4.27718E+01 % U232
4.59252E+06 1.93195E+06 3.47394E+05 % U235
0.00000E+00 9.72756E+05 1.41653E+06 % U236
1.11271E+06 1.09962E+06 1.07938E+06 % U238
0.00000E+00 1.55860E+01 3.80520E+02 % Pu236
0.00000E+00 6.93684E+06 5.47613E+07 % Pu238
0.00000E+00 1.03476E+08 1.44596E+08 % Pu239
0.00000E+00 6.45514E+08 2.38190E+09 % Pu240
0.00000E+00 4.18025E+07 1.36664E+08 % Pu241
0.00000E+00 9.77784E+05 1.19246E+07 % Pu242
0.00000E+00 1.61065E+05 3.68936E+05 % Ce137
0.00000E+00 6.10675E+07 6.69060E+09 % Cm244
0.00000E+00 1.95503E+13 8.65467E+12 % Xe135
0.00000E+00 0.00000E+00 0.00000E+00 % Sm149
0.00000E+00 0.00000E+00 0.00000E+00 % Gd155
0.00000E+00 0.00000E+00 0.00000E+00 % Gd157
0.00000E+00 0.00000E+00 0.00000E+00 % lost data
5.70523E+06 1.80066E+18 2.01919E+18 % total
];

MAT_U3.7_ING_TOX = [
0.00000E+00 1.15586E-04 1.27958E-04 % U232
1.77633E-01 7.47254E-02 1.34368E-02 % U235
0.00000E+00 5.05675E-01 7.36368E-01 % U236
6.88674E-01 6.80573E-01 6.68046E-01 % U238
0.00000E+00 1.20820E-05 2.94971E-04 % Pu236
0.00000E+00 1.54082E+01 1.21637E+02 % Pu238
0.00000E+00 5.89516E+02 8.23780E+02 % Pu239
0.00000E+00 1.65640E+03 6.11200E+03 % Pu240
0.00000E+00 8.05965E+03 2.63492E+04 % Pu241
0.00000E+00 2.81096E+00 3.42810E+01 % Pu242
0.00000E+00 4.17543E-06 9.56426E-06 % Ce137
0.00000E+00 8.86185E+01 9.70910E+03 % Cm244
0.00000E+00 0.00000E+00 0.00000E+00 % Xe135
0.00000E+00 0.00000E+00 0.00000E+00 % Sm149
0.00000E+00 0.00000E+00 0.00000E+00 % Gd155
0.00000E+00 0.00000E+00 0.00000E+00 % Gd157
0.00000E+00 0.00000E+00 0.00000E+00 % lost data
8.66307E-01 4.60292E+08 6.00377E+08 % total
];

MAT_U3.7_INH_TOX = [
0.00000E+00 1.29597E-02 1.43468E-02 % U232
3.21251E+01 1.35142E+01 2.43005E+00 % U235
0.00000E+00 9.36037E+01 1.36306E+02 % U236
1.22431E+02 1.20991E+02 1.18764E+02 % U238
0.00000E+00 5.55492E-03 1.35619E-01 % Pu236
0.00000E+00 7.36915E+03 5.81741E+04 % Pu238
0.00000E+00 2.82968E+05 3.95414E+05 % Pu239
0.00000E+00 7.95074E+05 2.93376E+06 % Pu240
0.00000E+00 3.86191E+06 1.26257E+07 % Pu241
0.00000E+00 1.28835E+03 1.57121E+04 % Pu242
0.00000E+00 1.67017E-06 3.82571E-06 % Ce137
0.00000E+00 4.20938E+04 4.61182E+06 % Cm244
0.00000E+00 0.00000E+00 0.00000E+00 % Xe135
0.00000E+00 0.00000E+00 0.00000E+00 % Sm149
0.00000E+00 0.00000E+00 0.00000E+00 % Gd155
0.00000E+00 0.00000E+00 0.00000E+00 % Gd157
0.00000E+00 0.00000E+00 0.00000E+00 % lost data
1.54556E+02 2.98668E+08 4.63148E+08 % total
];

MAT_TVEG_VOLUME = [ 5.61702E+00 5.61702E+00 5.61702E+00 ];

MAT_TVEG_BURNUP = [ 0.00000E+00 1.29550E+01 3.81885E+01 ];

